0 0.8015625 0.890625 0.128125 0.1375
0 0.0109375 0.603125 0.021875 0.13125
0 0.6328125 0.6890625 0.171875 0.171875
0 0.1296875 0.9625 0.134375 0.075
0 0.2953125 0.99375 0.103125 0.0125
0 0.0046875 0.9140625 0.009375 0.140625
0 0.628125 0.871875 0.11875 0.1
0 0.140625 0.7984375 0.18125 0.109375
0 0.6140625 0.965625 0.115625 0.06875
0 0.3203125 0.8796875 0.121875 0.103125
0 0.44375 0.99375 0.11875 0.0125
0 0.521875 0.984375 0.14375 0.03125
0 0.0375 0.83125 0.075 0.125
0 0.26875 0.78125 0.08125 0.075
0 0.3046875 0.7828125 0.134375 0.115625