0 0.0015625 0.5671875 0.003125 0.096875
0 0.9671875 0.2921875 0.065625 0.146875
0 0.9390625 0.1265625 0.121875 0.134375
0 0.721875 0.690625 0.14375 0.1375
0 0.603125 0.0640625 0.13125 0.128125
0 0.0453125 0.375 0.090625 0.125
0 0.140625 0.203125 0.14375 0.13125
0 0.4578125 0.4046875 0.153125 0.115625
0 0.596875 0.5828125 0.16875 0.128125
0 0.8015625 0.2953125 0.134375 0.121875
0 0.8546875 0.0078125 0.128125 0.015625
0 0.1 0.5203125 0.15 0.128125
0 0.2328125 0.4078125 0.134375 0.140625
0 0.703125 0.0640625 0.11875 0.128125
0 0.3421875 0.7125 0.146875 0.15
0 0.1234375 0.7328125 0.171875 0.121875
0 0.9375 0.9453125 0.10625 0.109375
0 0.940625 0.6453125 0.11875 0.165625
0 0.421875 0.04375 0.19375 0.0875
0 0.36875 0.003125 0.18125 0.00625
0 0.9125 0.5375 0.175 0.14375
0 0.8171875 0.9125 0.121875 0.10625
0 0.6546875 0.9828125 0.140625 0.034375
0 0.2375 0.9375 0.125 0.125
0 0.70625 0.5484375 0.1125 0.121875
0 0.175 0.6390625 0.125 0.115625
0 0.4671875 0.8296875 0.134375 0.121875
0 0.1046875 0.9375 0.140625 0.125
0 0.2453125 0.790625 0.134375 0.10625
0 0.4421875 0.2921875 0.140625 0.096875
0 0.4296875 0.975 0.140625 0.05
0 0.025 0.8296875 0.05 0.084375
0 0.965625 0.7171875 0.06875 0.128125