0 0.225 0.3984375 0.175 0.221875
0 0.5546875 0.25 0.140625 0.2
0 0.746875 0.0609375 0.18125 0.121875
0 0.98125 0.20625 0.0375 0.1375
0 0.934375 0.1296875 0.13125 0.103125
0 0.7390625 0.503125 0.109375 0.11875
0 0.965625 0.7234375 0.06875 0.146875
0 0.6921875 0.7140625 0.146875 0.128125
0 0.8734375 0.475 0.153125 0.15
0 0.959375 0.5953125 0.08125 0.078125
0 0.5140625 0.5765625 0.128125 0.109375
0 0.7828125 0.31875 0.096875 0.14375
0 0.5328125 0.8421875 0.178125 0.153125
0 0.6078125 0.9328125 0.121875 0.115625
0 0.6921875 0.4734375 0.115625 0.121875
0 0.671875 0.6 0.125 0.13125
0 0.603125 0.61875 0.10625 0.10625