0 0.8421875 0.9359375 0.290625 0.128125
0 0.896875 0.325 0.20625 0.19375
0 0.90625 0.640625 0.1875 0.21875
0 0.0890625 0.0890625 0.178125 0.178125
0 0.0984375 0.7796875 0.171875 0.209375
0 0.1109375 0.3421875 0.221875 0.190625
0 0.3921875 0.8921875 0.203125 0.196875
0 0.0953125 0.5234375 0.184375 0.190625
0 0.6421875 0.578125 0.271875 0.28125
0 0.490625 0.084375 0.20625 0.16875
0 0.309375 0.5828125 0.19375 0.184375
0 0.0171875 0.35 0.034375 0.2
0 0.8390625 0.009375 0.196875 0.01875
0 0.0921875 0.996875 0.184375 0.00625
0 0.0171875 0.59375 0.034375 0.2625
0 0.38125 0.7390625 0.225 0.153125
0 0.028125 0.9265625 0.05625 0.146875
0 0.303125 0.3671875 0.175 0.159375
0 0.2890625 0.1 0.171875 0.175