0 0.8203125 0.6140625 0.109375 0.128125
0 0.4296875 0.11875 0.165625 0.15
0 0.521875 0.471875 0.16875 0.14375
0 0.153125 0.1546875 0.15 0.165625
0 0.95 0.7421875 0.1 0.121875
0 0.4265625 0.303125 0.146875 0.15
0 0.059375 0.95625 0.11875 0.08125
0 0.696875 0.3796875 0.1 0.115625
0 0.9515625 0.615625 0.096875 0.10625
0 0.9375 0.003125 0.10625 0.00625
0 0.85625 0.4921875 0.13125 0.096875
0 0.840625 0.315625 0.2125 0.15
0 0.6546875 0.04375 0.140625 0.0875
0 0.2375 0.0109375 0.125 0.021875
0 0.1046875 0.0015625 0.140625 0.003125
0 0.80625 0.08125 0.1375 0.1
0 0.4296875 0.025 0.140625 0.05
0 0.6203125 0.3734375 0.128125 0.109375
0 0.578125 0.2390625 0.13125 0.153125
0 0.6578125 0.253125 0.134375 0.13125
0 0.9984375 0.1671875 0.003125 0.159375
0 0.9796875 0.3140625 0.040625 0.128125
0 0.2 0.053125 0.1 0.10625