0 0.5203125 0.25625 0.165625 0.19375
0 0.246875 0.8734375 0.11875 0.171875
0 0.446875 0.490625 0.14375 0.13125
0 0.3015625 0.41875 0.146875 0.16875
0 0.3765625 0.715625 0.153125 0.175
0 0.0484375 0.0265625 0.096875 0.053125
0 0.1984375 0.2828125 0.165625 0.184375
0 0.4484375 0.98125 0.171875 0.0375
0 0.0859375 0.078125 0.171875 0.14375
0 0.034375 0.871875 0.06875 0.13125
0 0.075 0.3078125 0.15 0.121875
0 0.1265625 0.65 0.121875 0.15
0 0.396875 0.878125 0.15625 0.16875
0 0.14375 0.975 0.1375 0.05
0 0.0640625 0.54375 0.128125 0.175