1 0.8234375 0.921875 0.271875 0.15
0 0.7765625 0.0296875 0.209375 0.059375
0 0.1640625 0.95625 0.221875 0.0875
0 0.0328125 0.95625 0.065625 0.0875
0 0.6234375 0.6015625 0.253125 0.296875
0 0.0890625 0.08125 0.178125 0.1625
0 0.5828125 0.215625 0.209375 0.225
0 0.571875 0.096875 0.21875 0.15625
0 0.978125 0.1890625 0.04375 0.228125
0 0.378125 0.0140625 0.19375 0.028125
0 0.8984375 0.384375 0.203125 0.25625
1 0.378125 0.6203125 0.11875 0.140625
1 0.6625 0.740625 0.175 0.1625
0 0.1234375 0.05625 0.171875 0.1125
1 0.659375 0.7921875 0.15 0.146875
0 0.9453125 0.8171875 0.109375 0.203125
0 0.315625 0.08125 0.2125 0.1625