0 0.4421875 0.1375 0.184375 0.13125
0 0.46875 0.5078125 0.14375 0.134375
0 0.6234375 0.16875 0.121875 0.16875
0 0.7015625 0.121875 0.146875 0.15625
0 0.6703125 0.5640625 0.140625 0.140625
0 0.940625 0.5703125 0.1 0.084375
0 0.975 0.359375 0.05 0.11875
0 0.9453125 0.7265625 0.109375 0.103125
0 0.79375 0.378125 0.175 0.10625
0 0.8640625 0.140625 0.165625 0.15625
0 0.8546875 0.3015625 0.128125 0.121875
0 0.6171875 0.025 0.115625 0.05
0 0.7734375 0.5453125 0.096875 0.128125
0 0.9734375 0.8234375 0.053125 0.103125