0 0.921875 0.10625 0.11875 0.125
0 0.775 0.221875 0.125 0.14375
0 0.29375 0.7921875 0.125 0.128125
0 0.396875 0.5171875 0.16875 0.134375
0 0.6203125 0.3671875 0.165625 0.140625
0 0.4015625 0.653125 0.128125 0.11875
0 0.0203125 0.7453125 0.040625 0.115625
0 0.996875 0.0125 0.00625 0.025
0 0.44375 0.075 0.1125 0.15
0 0.25 0.10625 0.1 0.125
0 0.025 0.6078125 0.05 0.115625
0 0.9625 0.3140625 0.075 0.140625
0 0.13125 0.4203125 0.1125 0.190625
0 0.196875 0.2796875 0.125 0.134375
0 0.178125 0.009375 0.14375 0.01875
0 0.5890625 0.08125 0.115625 0.15625
0 0.4953125 0.1234375 0.134375 0.140625
0 0.5765625 0.2703125 0.140625 0.115625
0 0.0515625 0.2640625 0.096875 0.121875
0 0.025 0.2640625 0.05 0.121875
0 0.8703125 0.025 0.140625 0.05
0 0.1390625 0.1421875 0.121875 0.146875
0 0.3234375 0.0125 0.146875 0.025
1 0.009375 0.0734375 0.01875 0.078125