0 0.365625 0.353125 0.125 0.13125
0 0.2 0.5734375 0.15625 0.165625
0 0.7484375 0.478125 0.128125 0.125
0 0.9765625 0.3796875 0.046875 0.140625
0 0.6015625 0.4328125 0.171875 0.134375
0 0.8953125 0.2671875 0.115625 0.140625
0 0.2046875 0.2515625 0.115625 0.178125
0 0.7421875 0.1765625 0.109375 0.171875
0 0.4546875 0.0921875 0.134375 0.140625
0 0.23125 0.0734375 0.1 0.103125
1 0.2203125 0.00625 0.146875 0.0125
0 0.0921875 0.1265625 0.096875 0.128125
0 0.3515625 0.2203125 0.121875 0.128125
0 0.9203125 0.1046875 0.140625 0.103125
0 0.0140625 0.053125 0.028125 0.10625
0 0.0828125 0.409375 0.121875 0.13125
0 0.5515625 0.1796875 0.121875 0.134375
0 0.54375 0.2703125 0.13125 0.109375
0 0.059375 0.290625 0.11875 0.1375
0 0.74375 0.3484375 0.1375 0.103125