0 0.7796875 0.471875 0.234375 0.275
0 0.6765625 0.0875 0.203125 0.175
0 0.0640625 0.4265625 0.128125 0.303125
0 0.9375 0.665625 0.125 0.25
0 0.94375 0.08125 0.1125 0.1625
0 0.54375 0.4796875 0.2125 0.290625
0 0.1109375 0.94375 0.221875 0.1125
0 0.85 0.8796875 0.275 0.228125
0 0.546875 0.1109375 0.15625 0.221875
0 0.025 0.0859375 0.05 0.171875
1 0.4765625 0.8890625 0.171875 0.196875
0 0.04375 0.746875 0.0875 0.24375
0 0.1890625 0.165625 0.159375 0.20625
0 0.3734375 0.0328125 0.165625 0.065625
0 0.096875 0.2484375 0.13125 0.146875
0 0.271875 0.878125 0.24375 0.225
0 0.7375 0.990625 0.1625 0.01875
0 0.2046875 0.6828125 0.240625 0.203125
0 0.29375 0.5796875 0.25 0.240625
0 0.0078125 0.2625 0.015625 0.1
0 0.4390625 0.2765625 0.221875 0.178125
1 0.4421875 0.1515625 0.153125 0.121875
1 0.6140625 0.9796875 0.184375 0.040625
0 0.215625 0.046875 0.225 0.09375