0 0.69375 0.55625 0.15625 0.125
0 0.125 0.65625 0.15625 0.20625
0 0.015625 0.9546875 0.03125 0.090625
0 0.8421875 0.99375 0.146875 0.0125
0 0.2078125 0.984375 0.165625 0.03125
0 0.91875 0.603125 0.1625 0.13125
0 0.80625 0.428125 0.1875 0.16875
0 0.115625 0.9359375 0.1125 0.128125
0 0.6515625 0.7984375 0.153125 0.121875
0 0.7546875 0.7453125 0.165625 0.140625
0 0.3140625 0.8328125 0.109375 0.153125
0 0.9390625 0.9140625 0.121875 0.140625
0 0.4375 0.80625 0.1375 0.125
0 0.9234375 0.7765625 0.146875 0.121875
0 0.4984375 0.9859375 0.121875 0.028125
0 0.3890625 0.8984375 0.134375 0.128125
0 0.9640625 0.83125 0.071875 0.125