0 0.321875 0.775 0.13125 0.175
0 0.8234375 0.621875 0.103125 0.125
0 0.475 0.4390625 0.125 0.115625
0 0.4203125 0.24375 0.134375 0.175
0 0.1453125 0.1546875 0.128125 0.146875
0 0.95 0.7453125 0.1 0.115625
0 0.953125 0.6078125 0.09375 0.115625
0 0.615625 0.4703125 0.125 0.115625
0 0.5015625 0.0578125 0.128125 0.115625
0 0.2296875 0.1015625 0.109375 0.128125
0 0.090625 0.00625 0.15625 0.0125
0 0.76875 0.05625 0.13125 0.1125
0 0.94375 0.00625 0.10625 0.0125
0 0.675 0.3328125 0.1 0.165625
0 0.225 0.0109375 0.15 0.021875
0 0.7625 0.028125 0.1375 0.05625
0 0.578125 0.275 0.10625 0.15
0 0.953125 0.2640625 0.09375 0.121875
0 0.8171875 0.340625 0.128125 0.16875
0 0.8578125 0.465625 0.140625 0.11875
0 0.6671875 0.0390625 0.146875 0.078125
0 0.7890625 0.3 0.128125 0.16875
0 0.653125 0.2625 0.125 0.1375
1 0.9375 0.0734375 0.125 0.078125