1 0.7390625 0.05625 0.221875 0.1125
0 0.1640625 0.096875 0.265625 0.19375
0 0.0578125 0.171875 0.115625 0.24375
0 0.1296875 0.575 0.259375 0.2
0 0.9625 0.19375 0.075 0.2375
0 0.4015625 0.315625 0.353125 0.19375
0 0.7234375 0.2625 0.265625 0.25
0 0.640625 0.640625 0.18125 0.28125
0 0.38125 0.7953125 0.16875 0.209375
0 0.9375 0.359375 0.125 0.21875
0 0.521875 0.903125 0.18125 0.13125
0 0.978125 0.04375 0.04375 0.0875
0 0.878125 0.6765625 0.23125 0.203125
1 0.3546875 0.4953125 0.221875 0.184375
1 0.2796875 0.78125 0.159375 0.1625