0 0.8765625 0.971875 0.128125 0.05625
0 0.4828125 0.41875 0.146875 0.13125
0 0.790625 0.2265625 0.13125 0.153125
0 0.0390625 0.2921875 0.078125 0.146875
0 0.00625 0.1265625 0.0125 0.134375
0 0.9609375 0.63125 0.078125 0.15625
0 0.88125 0.6921875 0.10625 0.146875
0 0.871875 0.0359375 0.13125 0.071875
0 0.76875 0.7625 0.10625 0.1625
0 0.334375 0.6546875 0.1375 0.109375
0 0.61875 0.2796875 0.14375 0.134375
0 0.9265625 0.4828125 0.146875 0.121875
0 0.6515625 0.790625 0.146875 0.13125
0 0.015625 0.6453125 0.03125 0.165625
0 0.38125 0.2234375 0.14375 0.146875
0 0.609375 0.975 0.1375 0.05
0 0.6421875 0.015625 0.128125 0.03125
0 0.9875 0.2390625 0.025 0.171875
0 0.609375 0.1703125 0.15 0.115625
0 0.296875 0.471875 0.11875 0.10625
0 0.728125 0.5640625 0.1 0.128125
0 0.50625 0.8671875 0.1625 0.165625
0 0.009375 0.5375 0.01875 0.14375
0 0.1375 0.8734375 0.15 0.121875
0 0.6171875 0.6390625 0.153125 0.159375
0 0.153125 0.94375 0.16875 0.1125
0 0.934375 0.1953125 0.13125 0.115625
0 0.178125 0.5140625 0.15625 0.146875
0 0.090625 0.76875 0.125 0.11875
0 0.0296875 0.7171875 0.059375 0.128125
0 0.284375 0.346875 0.15 0.13125
0 0.9 0.3421875 0.15 0.134375
0 0.325 0.9703125 0.10625 0.059375
0 0.2734375 0.765625 0.121875 0.125
1 0.140625 0.1265625 0.20625 0.171875
0 0.78125 0.5390625 0.1125 0.121875