0 0.68125 0.9578125 0.21875 0.084375
0 0.5484375 0.034375 0.321875 0.06875
0 0.9453125 0.95625 0.109375 0.0875
0 0.65 0.725 0.30625 0.20625
0 0.028125 0.959375 0.05625 0.08125
0 0.36875 0.9 0.18125 0.2
0 0.4046875 0.24375 0.290625 0.2875
0 0.55 0.9875 0.16875 0.025
0 0.1640625 0.23125 0.265625 0.19375
0 0.2046875 0.5125 0.228125 0.175
0 0.58125 0.359375 0.2375 0.16875
0 0.2296875 0.765625 0.259375 0.225
0 0.028125 0.83125 0.05625 0.1625
0 0.0296875 0.078125 0.059375 0.15625
0 0.94375 0.08125 0.1125 0.1625
0 0.05 0.6796875 0.1 0.190625
1 0.0078125 0.571875 0.015625 0.175