0 0.9390625 0.215625 0.103125 0.10625
0 0.015625 0.91875 0.03125 0.14375
0 0.05625 0.196875 0.1125 0.11875
0 0.4 0.89375 0.15 0.175
0 0.125 0.6390625 0.10625 0.134375
0 0.015625 0.01875 0.03125 0.0375
0 0.94375 0.375 0.1125 0.13125
0 0.8421875 0.0546875 0.146875 0.109375
0 0.2078125 0.04375 0.165625 0.0875
0 0.7484375 0.2265625 0.128125 0.128125
0 0.696875 0.9265625 0.11875 0.128125
0 0.9734375 0.928125 0.053125 0.13125
0 0.115625 0.003125 0.1125 0.00625
0 0.6703125 0.653125 0.140625 0.14375
0 0.2984375 0.209375 0.146875 0.1625
0 0.8953125 0.7234375 0.103125 0.115625
0 0.61875 0.1484375 0.14375 0.128125
0 0.1671875 0.421875 0.134375 0.11875
0 0.3546875 0.0734375 0.134375 0.128125
0 0.8421875 0.5828125 0.146875 0.128125
0 0.421875 0.3953125 0.14375 0.153125
0 0.5640625 0.98125 0.128125 0.0375
0 0.8203125 0.7671875 0.121875 0.128125
0 0.075 0.396875 0.15 0.10625
0 0.4984375 0.0609375 0.121875 0.121875
0 0.671875 0.8234375 0.125 0.153125
0 0.0578125 0.528125 0.115625 0.14375
0 0.8421875 0.6484375 0.134375 0.128125
0 0.70625 0.8484375 0.11875 0.146875
0 0.728125 0.6421875 0.10625 0.115625
0 0.521875 0.978125 0.13125 0.04375