0 0.0484375 0.9515625 0.096875 0.096875
0 0.2375 0.9140625 0.28125 0.171875
0 0.75625 0.11875 0.23125 0.2375
0 0.0765625 0.4640625 0.153125 0.284375
0 0.75 0.665625 0.25 0.25625
0 0.9625 0.171875 0.075 0.24375
0 0.990625 0.575 0.01875 0.2
0 0.6890625 0.275 0.215625 0.23125
0 0.5390625 0.575 0.209375 0.25
0 0.4203125 0.0953125 0.165625 0.190625
0 0.8421875 0.9125 0.278125 0.175
0 0.1640625 0.0953125 0.228125 0.190625
0 0.578125 0.96875 0.20625 0.0625
0 0.0203125 0.2265625 0.040625 0.103125
0 0.009375 0.0828125 0.01875 0.165625
0 0.0015625 0.734375 0.003125 0.20625
0 0.425 0.2140625 0.15 0.153125
0 0.0671875 0.7484375 0.134375 0.196875
0 0.325 0.440625 0.125 0.175
0 0.125 0.271875 0.15 0.125
0 0.4796875 0.371875 0.234375 0.15625
0 0.2703125 0.740625 0.265625 0.175
0 0.171875 0.4015625 0.14375 0.178125
0 0.290625 0.615625 0.2375 0.1625