0 0.7921875 0.2296875 0.121875 0.140625
0 0.628125 0.615625 0.14375 0.19375
0 0.528125 0.878125 0.125 0.15625
0 0.0046875 0.1265625 0.009375 0.134375
0 0.484375 0.41875 0.14375 0.13125
0 0.996875 0.9625 0.00625 0.075
0 0.046875 0.8640625 0.09375 0.134375
0 0.0453125 0.303125 0.090625 0.13125
0 0.778125 0.5265625 0.10625 0.146875
0 0.778125 0.75625 0.11875 0.1625
0 0.9671875 0.7671875 0.065625 0.165625
0 0.871875 0.0375 0.14375 0.075
0 0.8734375 0.7296875 0.103125 0.134375
0 0.33125 0.675 0.1375 0.125
0 0.44375 0.9953125 0.1125 0.009375
0 0.9890625 0.2203125 0.021875 0.184375
0 0.9296875 0.4890625 0.140625 0.128125
0 0.20625 0.8 0.1125 0.13125
0 0.6203125 0.178125 0.153125 0.10625
0 0.128125 0.734375 0.11875 0.125
0 0.6546875 0.79375 0.140625 0.13125
0 0.6140625 0.2796875 0.153125 0.128125
0 0.178125 0.94375 0.14375 0.1125
0 0.0109375 0.5328125 0.021875 0.121875
0 0.3046875 0.4703125 0.128125 0.128125
0 0.3953125 0.2140625 0.121875 0.128125
0 0.9265625 0.2078125 0.146875 0.121875
0 0.0140625 0.7265625 0.028125 0.153125
0 0.971875 0.628125 0.05625 0.125
0 0.2765625 0.3390625 0.171875 0.140625
0 0.0171875 0.6421875 0.034375 0.140625
0 0.175 0.546875 0.15 0.15
0 0.903125 0.3421875 0.16875 0.140625
0 0.8703125 0.971875 0.140625 0.05625
0 0.06875 0.6796875 0.11875 0.128125
0 0.3234375 0.9328125 0.146875 0.134375
0 0.725 0.846875 0.09375 0.08125