0 0.78125 0.00625 0.2 0.0125
0 0.8234375 0.115625 0.171875 0.125
0 0.8421875 0.5484375 0.165625 0.153125
0 0.0390625 0.9 0.078125 0.175
0 0.5140625 0.571875 0.128125 0.13125
0 0.70625 0.71875 0.13125 0.13125
0 0.728125 0.51875 0.10625 0.11875
0 0.96875 0.696875 0.0625 0.15625
0 0.9890625 0.35 0.021875 0.13125
0 0.6875 0.3390625 0.11875 0.153125
0 0.540625 0.8421875 0.18125 0.153125
0 0.6171875 0.9671875 0.115625 0.065625
0 0.7796875 0.29375 0.115625 0.15
0 0.6046875 0.6453125 0.103125 0.109375
0 0.9921875 0.6 0.015625 0.125