0 0.0515625 0.5546875 0.084375 0.134375
0 0.2484375 0.5234375 0.103125 0.103125
0 0.0140625 0.375 0.028125 0.13125
0 0.190625 0.8921875 0.11875 0.115625
0 0.1484375 0.3546875 0.121875 0.165625
0 0.0265625 0.928125 0.053125 0.13125
0 0.8140625 0.765625 0.115625 0.1125
0 0.9375 0.190625 0.125 0.1625
0 0.903125 0.703125 0.125 0.11875
0 0.840625 0.5375 0.125 0.1125
0 0.5546875 0.959375 0.121875 0.08125
0 0.1296875 0.0375 0.134375 0.075
0 0.5484375 0.4546875 0.128125 0.109375
0 0.053125 0.29375 0.1 0.13125
0 0.871875 0.375 0.11875 0.125
0 0.2953125 0.059375 0.103125 0.11875
0 0.7921875 0.096875 0.109375 0.16875
0 0.55625 0.565625 0.1125 0.125
0 0.990625 0.753125 0.01875 0.10625
0 0.7984375 0.4078125 0.128125 0.128125
0 0.78125 0.596875 0.10625 0.125
0 0.6140625 0.0296875 0.115625 0.059375
0 0.9796875 0.4953125 0.040625 0.134375
0 0.4328125 0.725 0.115625 0.15625
0 0.6703125 0.553125 0.103125 0.10625
0 0.890625 0.98125 0.125 0.0375
0 0.7015625 0.3953125 0.121875 0.115625
0 0.6328125 0.06875 0.128125 0.13125
0 0.3984375 0.465625 0.109375 0.11875
0 0.3640625 0.3015625 0.153125 0.103125
0 0.44375 0.059375 0.11875 0.11875
0 0.1515625 0.5234375 0.103125 0.128125
0 0.8203125 0.91875 0.071875 0.06875
0 0.328125 0.1703125 0.13125 0.134375
0 0.521875 0.053125 0.14375 0.10625
0 0.1046875 0.153125 0.153125 0.125
0 0.98125 0.6546875 0.0375 0.146875
0 0.4640625 0.3828125 0.171875 0.159375