0 0.6765625 0.9609375 0.203125 0.078125
0 0.54375 0.0125 0.35 0.025
0 0.646875 0.7265625 0.3 0.203125
0 0.94375 0.9578125 0.1125 0.084375
0 0.1578125 0.2171875 0.278125 0.190625
0 0.546875 0.9875 0.15625 0.025
0 0.025 0.9578125 0.05 0.084375
0 0.653125 0.3640625 0.24375 0.178125
0 0.221875 0.7578125 0.25 0.221875
0 0.353125 0.3484375 0.26875 0.196875
0 0.209375 0.521875 0.225 0.16875
0 0.525 0.19375 0.25 0.16875
0 0.3734375 0.91875 0.165625 0.1625
0 0.028125 0.834375 0.05625 0.1625
0 0.0421875 0.08125 0.084375 0.1625
0 0.05 0.675 0.1 0.19375
0 0.1765625 0.46875 0.203125 0.15625
0 0.215625 0.9609375 0.225 0.078125
1 0.0109375 0.5515625 0.021875 0.134375