1 0.8171875 0.9171875 0.284375 0.146875
0 0.775 0.025 0.21875 0.05
0 0.1578125 0.9609375 0.215625 0.078125
0 0.03125 0.9578125 0.0625 0.084375
0 0.15 0.1515625 0.2 0.134375
0 0.6203125 0.6046875 0.234375 0.290625
0 0.2 0.0109375 0.24375 0.021875
0 0.5921875 0.2078125 0.203125 0.215625
0 0.353125 0.0828125 0.24375 0.165625
0 0.571875 0.0890625 0.21875 0.140625
0 0.975 0.23125 0.05 0.225
0 0.9015625 0.4078125 0.196875 0.259375
1 0.671875 0.8046875 0.15625 0.134375
1 0.6625 0.7375 0.175 0.1625
1 0.371875 0.6171875 0.11875 0.140625