0 0.234375 0.2265625 0.0875 0.109375
0 0.365625 0.446875 0.1375 0.15625
0 0.196875 0.6890625 0.13125 0.196875
0 0.565625 0.29375 0.1 0.13125
0 0.0484375 0.9609375 0.096875 0.078125
0 0.1015625 0.4265625 0.146875 0.121875
0 0.4484375 0.0421875 0.171875 0.084375
0 0.034375 0.63125 0.06875 0.15625
0 0.00625 0.4828125 0.0125 0.121875
0 0.1 0.0640625 0.14375 0.103125
0 0.0421875 0.2390625 0.084375 0.171875
0 0.23125 0.99375 0.10625 0.0125
0 0.009375 0.1953125 0.01875 0.115625
0 0.471875 0.275 0.11875 0.13125
0 0.14375 0.0328125 0.1375 0.065625