0 0.06875 0.9453125 0.11875 0.109375
0 0.371875 0.5640625 0.13125 0.121875
0 0.28125 0.6734375 0.16875 0.146875
0 0.309375 0.36875 0.1875 0.18125
0 0.6390625 0.6 0.140625 0.2
0 0.425 0.99375 0.15 0.0125
0 0.9609375 0.5265625 0.078125 0.121875
0 0.690625 0.9828125 0.10625 0.034375
0 0.4296875 0.83125 0.121875 0.1125
0 0.9609375 0.68125 0.078125 0.1375
0 0.3890625 0.8890625 0.146875 0.115625
0 0.5921875 0.809375 0.178125 0.125
0 0.821875 0.840625 0.18125 0.10625
0 0.2140625 0.9359375 0.115625 0.128125
0 0.940625 0.928125 0.11875 0.14375
0 0.615625 0.94375 0.10625 0.1125
0 0.95625 0.6265625 0.0875 0.121875
0 0.8296875 0.9328125 0.153125 0.115625