0 0.9328125 0.1 0.134375 0.13125
0 0.865625 0.9046875 0.1625 0.134375
0 0.809375 0.7015625 0.16875 0.196875
0 0.9703125 0.9421875 0.059375 0.115625
0 0.1453125 0.7140625 0.140625 0.128125
0 0.40625 0.7046875 0.175 0.115625
0 0.35625 0.503125 0.16875 0.10625
0 0.0546875 0.5265625 0.109375 0.121875
0 0.578125 0.821875 0.18125 0.14375
0 0.03125 0.68125 0.0625 0.1375
0 0.6671875 0.778125 0.134375 0.15
0 0.75 0.978125 0.10625 0.04375
0 0.2890625 0.94375 0.140625 0.1
0 0.0640625 0.928125 0.128125 0.14375
0 0.2171875 0.7828125 0.140625 0.128125
0 0.553125 0.9703125 0.14375 0.059375
0 0.4140625 0.903125 0.146875 0.10625
0 0.0734375 0.903125 0.103125 0.11875
0 0.046875 0.6265625 0.09375 0.121875