0 0.99375 0.75 0.0125 0.175
0 0.29375 0.7890625 0.13125 0.115625
0 0.859375 0.24375 0.09375 0.1125
0 0.8765625 0.0328125 0.128125 0.065625
0 0.625 0.375 0.15625 0.14375
0 0.4015625 0.6546875 0.146875 0.121875
0 0.025 0.7421875 0.05 0.121875
0 0.7625 0.2421875 0.1 0.121875
0 0.4015625 0.5078125 0.171875 0.134375
0 0.2328125 0.1 0.090625 0.11875
0 0.571875 0.25625 0.15 0.125
0 0.025 0.615625 0.05 0.10625
0 0.4390625 0.0890625 0.121875 0.165625
0 0.609375 0.0484375 0.1375 0.096875
0 0.1875 0.265625 0.1375 0.125
0 0.1296875 0.4421875 0.128125 0.165625
0 0.153125 0.009375 0.16875 0.01875
0 0.4984375 0.140625 0.153125 0.1375
0 0.0859375 0.1671875 0.171875 0.159375
0 0.0609375 0.3140625 0.121875 0.128125
0 0.325 0.034375 0.10625 0.06875