0 0.8734375 0.9 0.153125 0.13125
0 0.4046875 0.525 0.190625 0.125
0 0.8140625 0.6984375 0.178125 0.203125
0 0.165625 0.6546875 0.2 0.128125
0 0.065625 0.521875 0.13125 0.15
0 0.225 0.76875 0.15625 0.125
0 0.415625 0.715625 0.1625 0.09375
0 0.971875 0.946875 0.05625 0.10625
0 0.671875 0.775 0.14375 0.15
0 0.575 0.8203125 0.175 0.121875
0 0.7734375 0.990625 0.128125 0.01875
0 0.2890625 0.9203125 0.134375 0.121875
0 0.0921875 0.896875 0.103125 0.11875
0 0.065625 0.909375 0.13125 0.18125
0 0.6875 0.9875 0.15 0.025
0 0.5125 0.9578125 0.15625 0.084375