0 0.7875 0.4703125 0.24375 0.278125
0 0.065625 0.4265625 0.13125 0.303125
0 0.68125 0.0953125 0.21875 0.190625
0 0.925 0.628125 0.15 0.21875
0 0.553125 0.4890625 0.18125 0.278125
0 0.9453125 0.0875 0.109375 0.175
0 0.8484375 0.878125 0.271875 0.23125
0 0.10625 0.94375 0.2125 0.1125
0 0.028125 0.0859375 0.05625 0.171875
0 0.36875 0.05 0.18125 0.1
0 0.55 0.109375 0.16875 0.21875
1 0.4765625 0.8875 0.171875 0.19375
0 0.04375 0.746875 0.0875 0.25
0 0.19375 0.16875 0.15625 0.19375
0 0.7328125 0.99375 0.159375 0.0125
0 0.271875 0.8859375 0.24375 0.228125
0 0.203125 0.7 0.24375 0.2
0 0.4328125 0.28125 0.215625 0.18125
0 0.0109375 0.2671875 0.021875 0.109375
0 0.0921875 0.246875 0.134375 0.14375
0 0.2890625 0.58125 0.246875 0.23125
0 0.6140625 0.978125 0.190625 0.04375
1 0.471875 0.1640625 0.125 0.121875
1 0.815625 0.375 0.18125 0.125