0 0.1234375 0.8015625 0.140625 0.153125
0 0.5828125 0.20625 0.115625 0.125
0 0.9859375 0.846875 0.028125 0.14375
0 0.96875 0.25 0.0625 0.125
0 0.7765625 0.2765625 0.146875 0.128125
0 0.85 0.7546875 0.10625 0.121875
0 0.059375 0.2265625 0.11875 0.103125
0 0.98125 0.0984375 0.0375 0.134375
0 0.0234375 0.50625 0.046875 0.15
0 0.1578125 0.6265625 0.121875 0.115625
0 0.25 0.403125 0.15 0.09375
0 0.628125 0.8984375 0.11875 0.153125
0 0.971875 0.025 0.05625 0.05
0 0.871875 0.9640625 0.14375 0.071875
0 0.846875 0.1453125 0.14375 0.134375
0 0.80625 0.5984375 0.075 0.115625
0 0.4703125 0.2078125 0.115625 0.121875
0 0.303125 0.1625 0.15625 0.10625
0 0.2953125 0.2546875 0.184375 0.128125
0 0.3578125 0.7578125 0.140625 0.153125
0 0.7734375 0.05625 0.128125 0.1125
0 0.471875 0.4640625 0.11875 0.121875
0 0.3875 0.9265625 0.11875 0.071875
0 0.7484375 0.9546875 0.078125 0.090625
0 0.63125 0.6046875 0.11875 0.109375
0 0.9046875 0.55625 0.103125 0.13125
0 0.44375 0.765625 0.1125 0.15625
0 0.93125 0.471875 0.11875 0.10625
0 0.8734375 0.4265625 0.121875 0.103125
0 0.065625 0.0359375 0.13125 0.071875
0 0.490625 0.13125 0.1125 0.1125
0 0.6875 0.0515625 0.15 0.103125
0 0.9921875 0.559375 0.015625 0.15625
0 0.6015625 0.4 0.103125 0.15
0 0.5125 0.01875 0.15625 0.0375
0 0.4234375 0.703125 0.146875 0.15625
0 0.746875 0.4140625 0.13125 0.128125
0 0.653125 0.071875 0.125 0.125
0 0.0125 0.2421875 0.025 0.121875
0 0.5796875 0.8484375 0.171875 0.171875