0 0.75 0.64375 0.275 0.25625
0 0.225 0.86875 0.25625 0.20625
0 0.4140625 0.5890625 0.209375 0.259375
0 0.0890625 0.9796875 0.178125 0.040625
0 0.525 0.88125 0.25 0.20625
0 0.1203125 0.403125 0.240625 0.29375
0 0.54375 0.1453125 0.18125 0.234375
0 0.490625 0.9875 0.20625 0.025
0 0.8390625 0.9203125 0.196875 0.159375
0 0.465625 0.2890625 0.21875 0.215625
0 0.38125 0.1125 0.14375 0.19375
1 0.9015625 0.4296875 0.128125 0.103125
1 0.8578125 0.121875 0.196875 0.24375
1 0.0859375 0.090625 0.171875 0.1625