0 0.2265625 0.4828125 0.103125 0.115625
0 0.3984375 0.6515625 0.140625 0.128125
0 0.19375 0.775 0.1625 0.15
0 0.4171875 0.528125 0.115625 0.1
0 0.7421875 0.28125 0.121875 0.15
0 0.05625 0.803125 0.0875 0.1
0 0.0296875 0.3796875 0.059375 0.134375
0 0.23125 0.01875 0.1125 0.0375
0 0.0171875 0.2796875 0.034375 0.134375
0 0.0984375 0.190625 0.121875 0.1125
0 0.125 0.2640625 0.125 0.109375
0 0.5734375 0.34375 0.128125 0.13125
0 0.315625 0.1515625 0.175 0.146875
0 0.20625 0.6234375 0.125 0.096875
1 0.55 0.0609375 0.075 0.121875
0 0.0046875 0.1234375 0.009375 0.109375
0 0.3140625 0.3546875 0.159375 0.115625
0 0.05 0.571875 0.1 0.16875