0 0.8703125 0.6171875 0.159375 0.290625
0 0.1578125 0.10625 0.215625 0.2125
0 0.0640625 0.665625 0.128125 0.25
0 0.1265625 0.95625 0.221875 0.0875
0 0.540625 0.428125 0.1875 0.25625
0 0.03125 0.08125 0.0625 0.1625
0 0.715625 0.565625 0.19375 0.28125
0 0.9796875 0.1515625 0.040625 0.240625
0 0.803125 0.1296875 0.3 0.246875
0 0.5375 0.965625 0.2 0.06875
0 0.8171875 0.93125 0.221875 0.1375
0 0.4703125 0.7234375 0.209375 0.246875
0 0.8203125 0.98125 0.234375 0.0375
1 0.26875 0.78125 0.15 0.1125
0 0.5734375 0.8140625 0.178125 0.203125
1 0.446875 0.3734375 0.16875 0.159375
1 0.4375 0.6734375 0.20625 0.171875