0 0.3640625 0.55625 0.159375 0.16875
0 0.915625 0.546875 0.13125 0.15625
0 0.1484375 0.2140625 0.121875 0.121875
0 0.321875 0.3234375 0.16875 0.146875
0 0.865625 0.0515625 0.10625 0.103125
0 0.8046875 0.3 0.090625 0.13125
0 0.25 0.0078125 0.125 0.015625
0 0.5546875 0.0046875 0.115625 0.009375
0 0.1234375 0.0046875 0.128125 0.009375
0 0.4828125 0.2390625 0.109375 0.159375
0 0.965625 0.053125 0.06875 0.10625
0 0.696875 0.8703125 0.14375 0.109375
0 0.05 0.1234375 0.1 0.090625
0 0.665625 0.26875 0.11875 0.1125
0 0.9296875 0.253125 0.090625 0.13125
0 0.5921875 0.265625 0.134375 0.1125
0 0.6703125 0.075 0.121875 0.125
0 0.690625 0.1515625 0.175 0.128125
0 0.9484375 0.2046875 0.084375 0.134375
0 0.8453125 0.1265625 0.140625 0.128125
1 0.6625 0.65 0.075 0.125