0 0.1625 0.69375 0.23125 0.31875
0 0.9546875 0.0890625 0.090625 0.178125
0 0.2671875 0.071875 0.215625 0.14375
0 0.6828125 0.4421875 0.228125 0.253125
0 0.4546875 0.9078125 0.259375 0.184375
0 0.9984375 0.3421875 0.003125 0.190625
0 0.5796875 0.1203125 0.190625 0.234375
0 0.721875 0.6578125 0.16875 0.165625
0 0.7265625 0.365625 0.246875 0.1875
0 0.915625 0.35 0.16875 0.2
0 0.9890625 0.996875 0.021875 0.00625
0 0.3828125 0.2953125 0.165625 0.240625
0 0.9140625 0.59375 0.171875 0.2625
0 0.9296875 0.9265625 0.140625 0.146875
0 0.475 0.4375 0.175 0.225
0 0.075 0.05625 0.15 0.1125
0 0.3734375 0.4734375 0.165625 0.253125
0 0.7046875 0.934375 0.209375 0.13125
1 0.6625 0.1625 0.31875 0.2375
1 0.6765625 0.85 0.215625 0.15625