0 0.825 0.71875 0.125 0.13125
0 0.9375 0.1265625 0.125 0.134375
0 0.6046875 0.5765625 0.171875 0.121875
0 0.1453125 0.203125 0.146875 0.14375
0 0.8578125 0.00625 0.128125 0.0125
0 0.6015625 0.0609375 0.146875 0.121875
0 0.9953125 0.8640625 0.009375 0.134375
0 0.9796875 0.303125 0.040625 0.13125
0 0.4796875 0.8234375 0.128125 0.128125
0 0.040625 0.359375 0.08125 0.11875
0 0.8 0.2953125 0.13125 0.121875
0 0.2421875 0.415625 0.134375 0.13125
0 0.034375 0.7265625 0.06875 0.103125
0 0.1390625 0.5203125 0.146875 0.140625
0 0.365625 0.01875 0.16875 0.0375
0 0.721875 0.5453125 0.10625 0.103125
0 0.5015625 0.9875 0.128125 0.025
0 0.371875 0.446875 0.13125 0.1
0 0.1796875 0.6375 0.134375 0.1125
0 0.2203125 0.7765625 0.165625 0.121875
0 0.5953125 0.334375 0.134375 0.125
0 0.090625 0.940625 0.15625 0.11875
0 0.3203125 0.896875 0.134375 0.11875
0 0.696875 0.0578125 0.11875 0.115625
0 0.915625 0.5328125 0.16875 0.121875
0 0.76875 0.9984375 0.13125 0.003125
0 0.94375 0.9453125 0.10625 0.109375
0 0.225 0.9359375 0.15 0.128125
0 0.4796875 0.428125 0.115625 0.11875
0 0.7625 0.9625 0.1375 0.075
0 0.953125 0.7265625 0.09375 0.153125
0 0.5796875 0.1984375 0.128125 0.103125
0 0.45625 0.29375 0.13125 0.125
0 0.953125 0.6421875 0.09375 0.140625
0 0.6671875 0.9765625 0.146875 0.046875
0 0.1453125 0.371875 0.134375 0.13125
0 0.0453125 0.8234375 0.090625 0.103125