0 0.828125 0.221875 0.125 0.11875
0 0.95 0.91875 0.1 0.14375
0 0.575 0.953125 0.175 0.09375
0 0.9765625 0.196875 0.046875 0.11875
0 0.9375 0.01875 0.125 0.0375
0 0.3671875 0.496875 0.171875 0.14375
0 0.6484375 0.2 0.146875 0.125
0 0.48125 0.66875 0.125 0.1625
0 0.453125 0.4203125 0.09375 0.121875
0 0.596875 0.5390625 0.13125 0.121875
0 0.88125 0.5953125 0.1625 0.128125
0 0.896875 0.4421875 0.13125 0.146875
0 0.628125 0.35 0.1 0.11875
0 0.6953125 0.7171875 0.159375 0.146875
0 0.5296875 0.8296875 0.134375 0.103125
0 0.840625 0.1140625 0.1375 0.090625
0 0.984375 0.528125 0.03125 0.14375
0 0.528125 0.55 0.1 0.125
0 0.8671875 0.3546875 0.140625 0.140625