0 0.628125 0.1796875 0.1 0.121875
0 0.7265625 0.2515625 0.103125 0.146875
0 0.121875 0.5796875 0.13125 0.115625
0 0.5234375 0.40625 0.128125 0.10625
0 0.975 0.3796875 0.05 0.134375
0 0.846875 0.6203125 0.1 0.109375
0 0.2046875 0.43125 0.159375 0.1125
0 0.7265625 0.5546875 0.146875 0.140625
0 0.6984375 0.0734375 0.171875 0.103125
0 0.5546875 0.0375 0.121875 0.075
1 0.0984375 0.8703125 0.146875 0.134375
0 0.95625 0.2796875 0.0875 0.134375
0 0.2671875 0.7 0.153125 0.11875
0 0.4203125 0.278125 0.090625 0.15625
1 0.2203125 0.946875 0.146875 0.10625
0 0.728125 0.378125 0.10625 0.1
0 0.046875 0.346875 0.09375 0.1
1 0.6953125 0.7796875 0.109375 0.078125
0 0.15 0.190625 0.175 0.1375
0 0.0140625 0.9609375 0.028125 0.078125
0 0.865625 0.4484375 0.15 0.103125
0 0.5046875 0.2828125 0.121875 0.146875
0 0.015625 0.471875 0.03125 0.14375
0 0.890625 0.0609375 0.125 0.121875
0 0.1875 0.06875 0.13125 0.1
0 0.940625 0.1234375 0.11875 0.109375
0 0.8015625 0.890625 0.165625 0.0875
0 0.6984375 0.49375 0.121875 0.1125
0 0.028125 0.225 0.05625 0.1
1 0.246875 0.559375 0.16875 0.10625
0 0.646875 0.21875 0.10625 0.1125
0 0.2953125 0.5765625 0.165625 0.078125
0 0.971875 0.571875 0.05625 0.16875