0 0.06875 0.0375 0.11875 0.075
0 0.2375 0.15 0.11875 0.175
0 0.0578125 0.20625 0.115625 0.1375
0 0.225 0.8453125 0.1 0.115625
0 0.6453125 0.759375 0.134375 0.11875
0 0.425 0.059375 0.15 0.11875
0 0.28125 0.7015625 0.125 0.153125
0 0.45 0.7890625 0.15 0.115625
0 0.603125 0.9953125 0.13125 0.009375
0 0.00625 0.1296875 0.0125 0.103125
0 0.5453125 0.0640625 0.109375 0.115625
0 0.025 0.7234375 0.05 0.146875
0 0.15 0.4484375 0.125 0.128125
0 0.8546875 0.940625 0.128125 0.11875
0 0.95625 0.515625 0.0875 0.1625
0 0.690625 0.04375 0.10625 0.0875
0 0.703125 0.9953125 0.11875 0.009375
0 0.3671875 0.4296875 0.121875 0.096875
0 0.0125 0.5953125 0.025 0.078125
0 0.8484375 0.196875 0.096875 0.1
0 0.7453125 0.6484375 0.115625 0.103125
0 0.70625 0.9125 0.1375 0.10625
0 0.8265625 0.790625 0.146875 0.1125
0 0.421875 0.9828125 0.19375 0.034375
0 0.36875 0.94375 0.18125 0.1125
0 0.9015625 0.7 0.096875 0.125
0 0.2140625 0.0046875 0.115625 0.009375
0 0.940625 0.034375 0.11875 0.06875
0 0.065625 0.396875 0.11875 0.14375
0 0.615625 0.00625 0.10625 0.0125
0 0.1375 0.7546875 0.1375 0.115625
0 0.5453125 0.2921875 0.134375 0.128125
0 0.640625 0.3578125 0.10625 0.109375
0 0.1 0.6140625 0.15 0.090625
0 0.5234375 0.9234375 0.103125 0.096875
0 0.6796875 0.371875 0.115625 0.14375
0 0.9375 0.25 0.1125 0.1
0 0.1015625 0.6921875 0.128125 0.121875
0 0.7640625 0.425 0.165625 0.125
0 0.778125 0.375 0.14375 0.13125
0 0.5328125 0.2453125 0.121875 0.115625
0 0.7203125 0.5671875 0.146875 0.146875