1 0.7390625 0.05625 0.215625 0.1125
0 0.003125 0.9171875 0.00625 0.165625
0 0.1546875 0.090625 0.246875 0.18125
0 0.04375 0.1453125 0.0875 0.253125
0 0.3390625 0.9828125 0.253125 0.034375
0 0.396875 0.3203125 0.34375 0.196875
0 0.7046875 0.2296875 0.253125 0.228125
0 0.9265625 0.38125 0.146875 0.2375
0 0.125 0.5703125 0.25 0.234375
0 0.95625 0.196875 0.0875 0.21875
0 0.678125 0.9984375 0.29375 0.003125
0 0.5390625 0.6546875 0.146875 0.265625
0 0.5234375 0.9046875 0.153125 0.128125
0 0.78125 0.93125 0.225 0.1375
0 0.984375 0.040625 0.03125 0.08125
0 0.778125 0.5 0.19375 0.21875
0 0.303125 0.8203125 0.18125 0.209375
1 0.35 0.4890625 0.20625 0.165625
1 0.709375 0.9125 0.16875 0.15625