0 0.721875 0.7546875 0.21875 0.390625
0 0.0671875 0.0421875 0.134375 0.084375
1 0.7484375 0.2984375 0.178125 0.203125
0 0.45625 0.846875 0.31875 0.30625
0 0.5421875 0.2390625 0.446875 0.409375
0 0.2734375 0.3078125 0.246875 0.378125
0 0.878125 0.4640625 0.23125 0.453125
0 0.0078125 0.4234375 0.015625 0.353125
0 0.9078125 0.8640625 0.165625 0.271875
1 0.0671875 0.1953125 0.134375 0.234375
0 0.215625 0.5765625 0.43125 0.271875
0 0.3875 0.0140625 0.65 0.028125
1 0.1328125 0.828125 0.246875 0.30625
1 0.0265625 0.7484375 0.053125 0.178125
1 0.465625 0.7234375 0.25625 0.178125
1 0.53125 0.6625 0.23125 0.175
1 0.0125 0.30625 0.025 0.2125