1 0.503125 0.921875 0.16875 0.14375
0 0.75625 0.9984375 0.23125 0.003125
0 0.815625 0.6890625 0.26875 0.246875
0 0.6078125 0.36875 0.228125 0.2625
0 0.4203125 0.9359375 0.165625 0.128125
0 0.1640625 0.9734375 0.228125 0.053125
0 0.7296875 0.021875 0.259375 0.04375
1 0.1640625 0.44375 0.134375 0.08125
0 0.975 0.0609375 0.05 0.121875
0 0.165625 0.3171875 0.20625 0.215625
0 0.009375 0.95625 0.01875 0.0875
0 0.3328125 0.58125 0.246875 0.20625
0 0.340625 0.2734375 0.14375 0.228125
0 0.090625 0.165625 0.18125 0.24375
0 0.365625 0.0828125 0.2875 0.165625
0 0.4578125 0.2765625 0.140625 0.228125
1 0.0109375 0.5765625 0.021875 0.146875