1 0.5296875 0.1171875 0.165625 0.134375
0 0.0453125 0.953125 0.090625 0.09375
0 0.240625 0.9078125 0.25625 0.184375
0 0.0703125 0.45 0.140625 0.275
0 0.7640625 0.5546875 0.259375 0.290625
0 0.6796875 0.253125 0.196875 0.21875
0 0.7578125 0.1125 0.221875 0.225
0 0.85 0.9171875 0.3 0.165625
0 0.934375 0.1453125 0.13125 0.253125
0 0.196875 0.375 0.14375 0.175
0 0.996875 0.5703125 0.00625 0.234375
0 0.0703125 0.753125 0.140625 0.21875
0 0.4046875 0.046875 0.140625 0.09375
0 0.0015625 0.7390625 0.003125 0.209375
0 0.175 0.084375 0.2 0.16875
0 0.015625 0.0796875 0.03125 0.159375
0 0.015625 0.2265625 0.03125 0.103125
0 0.521875 0.546875 0.175 0.24375
1 0.5 0.8703125 0.15 0.146875
0 0.271875 0.7421875 0.26875 0.190625
0 0.428125 0.2828125 0.16875 0.146875
0 0.2984375 0.6171875 0.240625 0.171875
0 0.1140625 0.25625 0.165625 0.11875