0 0.0703125 0.0953125 0.134375 0.178125
0 0.80625 0.2046875 0.11875 0.115625
0 0.6953125 0.0484375 0.115625 0.096875
0 0.646875 0.759375 0.13125 0.11875
0 0.203125 0.8453125 0.11875 0.134375
0 0.2375 0.1546875 0.125 0.165625
0 0.45 0.7875 0.15 0.11875
0 0.54375 0.0640625 0.1125 0.121875
0 0.8578125 0.9421875 0.128125 0.115625
0 0.6015625 0.99375 0.146875 0.0125
0 0.290625 0.7 0.13125 0.14375
0 0.98125 0.2265625 0.0375 0.103125
0 0.95625 0.50625 0.0875 0.15
0 0.2046875 0.371875 0.121875 0.16875
0 0.4203125 0.059375 0.146875 0.11875
0 0.5921875 0.4796875 0.146875 0.140625
0 0.365625 0.9375 0.16875 0.125
0 0.703125 0.9171875 0.14375 0.109375
0 0.0265625 0.696875 0.053125 0.15625
0 0.225 0.00625 0.125 0.0125
0 0.0484375 0.35 0.096875 0.13125
0 0.696875 0.99375 0.11875 0.0125
0 0.7453125 0.6625 0.134375 0.10625
0 0.5296875 0.30625 0.128125 0.16875
0 0.1578125 0.7734375 0.128125 0.128125
0 0.3578125 0.4265625 0.128125 0.103125
0 0.1296875 0.365625 0.134375 0.11875
0 0.515625 0.9265625 0.11875 0.103125
0 0.128125 0.575 0.11875 0.1
0 0.75 0.3578125 0.10625 0.096875
0 0.828125 0.7984375 0.14375 0.115625
0 0.8765625 0.0359375 0.246875 0.071875
0 0.1 0.7046875 0.175 0.121875
0 0.9625 0.2421875 0.075 0.121875
0 0.0484375 0.6 0.096875 0.125