0 0.375 0.3703125 0.125 0.165625
0 0.5421875 0.3828125 0.115625 0.128125
0 0.2984375 0.1 0.153125 0.175
0 0.7546875 0.3640625 0.121875 0.140625
0 0.9953125 0.228125 0.009375 0.14375
0 0.721875 0.9 0.13125 0.15
0 0.575 0.01875 0.175 0.0375
0 0.7890625 0.609375 0.159375 0.125
0 0.6578125 0.215625 0.115625 0.15625
0 0.93125 0.615625 0.0875 0.10625
0 0.784375 0.16875 0.10625 0.16875
0 0.9375 0.35 0.125 0.125
0 0.934375 0.76875 0.13125 0.14375
0 0.8921875 0.425 0.121875 0.13125
0 0.9390625 0.1296875 0.115625 0.165625