0 0.275 0.5421875 0.125 0.146875
0 0.0625 0.228125 0.125 0.14375
0 0.0796875 0.4 0.134375 0.125
0 0.35 0.825 0.10625 0.125
0 0.775 0.325 0.1 0.10625
0 0.553125 0.778125 0.11875 0.13125
0 0.0125 0.35 0.025 0.125
0 0.0046875 0.76875 0.009375 0.14375
0 0.1390625 0.596875 0.159375 0.09375
0 0.396875 0.1484375 0.11875 0.146875
0 0.865625 0.9875 0.10625 0.025
0 0.415625 0.29375 0.13125 0.13125
0 0.7890625 0.2578125 0.103125 0.090625
0 0.553125 0.2484375 0.13125 0.146875
0 0.5640625 0.071875 0.128125 0.14375
0 0.25 0.934375 0.125 0.13125
0 0.8203125 0.0984375 0.134375 0.128125
0 0.5546875 0.94375 0.115625 0.1125
0 0.9703125 0.346875 0.059375 0.1
0 0.1234375 0.9390625 0.128125 0.121875
0 0.965625 0.9609375 0.06875 0.078125
0 0.9484375 0.471875 0.103125 0.14375
0 0.721875 0.7296875 0.1 0.196875
0 0.1234375 0.7734375 0.109375 0.128125
0 0.68125 0.8015625 0.1125 0.096875
0 0.5765625 0.4078125 0.084375 0.128125
0 0.93125 0.39375 0.13125 0.1
0 0.9640625 0.225 0.071875 0.1
1 0.475 0.646875 0.14375 0.11875
0 0.521875 0.0703125 0.13125 0.140625