0 0.125 0.80625 0.15 0.1625
0 0.9171875 0.2796875 0.134375 0.165625
0 0.0671875 0.2796875 0.121875 0.134375
0 0.1515625 0.6328125 0.134375 0.115625
0 0.9703125 0.0265625 0.059375 0.053125
0 0.9875 0.078125 0.025 0.14375
0 0.871875 0.9625 0.13125 0.075
0 0.8515625 0.75625 0.103125 0.125
0 0.0234375 0.515625 0.046875 0.1625
0 0.290625 0.2703125 0.1875 0.134375
0 0.978125 0.871875 0.04375 0.13125
0 0.64375 0.146875 0.125 0.175
0 0.80625 0.596875 0.08125 0.13125
0 0.75 0.0484375 0.10625 0.096875
0 0.6421875 0.9234375 0.128125 0.153125
0 0.4734375 0.43125 0.121875 0.11875
0 0.99375 0.3078125 0.0125 0.121875
0 0.909375 0.5578125 0.1 0.128125
0 0.6421875 0.596875 0.121875 0.13125
0 0.4640625 0.2171875 0.109375 0.121875
0 0.0640625 0.034375 0.128125 0.06875
0 0.35 0.7578125 0.125 0.153125
0 0.2953125 0.153125 0.159375 0.11875
0 0.4578125 0.6625 0.146875 0.15
0 0.7671875 0.41875 0.103125 0.11875
0 0.746875 0.946875 0.075 0.09375
0 0.44375 0.7546875 0.1125 0.159375
0 0.3875 0.9265625 0.11875 0.071875
0 0.6015625 0.4 0.103125 0.15
0 0.8734375 0.4984375 0.103125 0.153125
0 0.446875 0.521875 0.11875 0.15
0 0.553125 0.0375 0.14375 0.075
0 0.403125 0.1234375 0.13125 0.128125
0 0.9875 0.54375 0.025 0.175
0 0.846875 0.153125 0.15625 0.14375